# Median SED, Type 1, non-BALs: ERQs
-0.922215271912 -0.960759032956
-0.91789389813 -0.966863983805
-0.913572524347 -0.935953096804
-0.909251150565 -0.943464058441
-0.904929776782 -0.956599347335
-0.900608402999 -0.935726334267
-0.896287029217 -0.937083246407
-0.891965655434 -0.919477829132
-0.887644281651 -0.925355183765
-0.883322907869 -0.914000528872
-0.879001534086 -0.92463970932
-0.874680160303 -0.893999474326
-0.870358786521 -0.894815825253
-0.866037412738 -0.863077847044
-0.861716038955 -0.88079321641
-0.857394665173 -0.874569546302
-0.85307329139 -0.86986009478
-0.848751917608 -0.856301234784
-0.844430543825 -0.879084533893
-0.840109170042 -0.878123027671
-0.83578779626 -0.870893612714
-0.831466422477 -0.877953164089
-0.827145048694 -0.885034239147
-0.822823674912 -0.895734760846
-0.818502301129 -0.902802959321
-0.814180927346 -0.902224997526
-0.809859553564 -0.909279388879
-0.805538179781 -0.916359016145
-0.801216805998 -0.923350784117
-0.796895432216 -0.930291535735
-0.792574058433 -0.936979498594
-0.788252684651 -0.943619874142
-0.783931310868 -0.950144097477
-0.779609937085 -0.956659972595
-0.775288563303 -0.963136948678
-0.77096718952 -0.969552211614
-0.766645815737 -0.975938519664
-0.762324441955 -0.982031823303
-0.758003068172 -0.987867434311
-0.753681694389 -0.993488070621
-0.749360320607 -0.999030657315
-0.745038946824 -1.00438098492
-0.740717573041 -1.00944337892
-0.736396199259 -1.01388857648
-0.732074825476 -1.01791391116
-0.727753451694 -1.02162606722
-0.723432077911 -1.0247615602
-0.719110704128 -1.02752670657
-0.714789330346 -1.03007239395
-0.710467956563 -1.03251641399
-0.70614658278 -1.03486411755
-0.701825208998 -1.03706607117
-0.697503835215 -1.03893635655
-0.693182461432 -1.04039397652
-0.68886108765 -1.04154755078
-0.684539713867 -1.04260013454
-0.680218340084 -1.04346001569
-0.675896966302 -1.04376304119
-0.671575592519 -1.04364547337
-0.667254218737 -1.04309508085
-0.662932844954 -1.04145444239
-0.658611471171 -1.03918634857
-0.654290097389 -1.03628411845
-0.649968723606 -1.03280004026
-0.645647349823 -1.02890126483
-0.641325976041 -1.02435866008
-0.637004602258 -1.01942033788
-0.632683228475 -1.01424478822
-0.628361854693 -1.00888408398
-0.62404048091 -1.00343340779
-0.619719107127 -0.997918621221
-0.615397733345 -0.992087730083
-0.611076359562 -0.986373520157
-0.60675498578 -0.980580753919
-0.602433611997 -0.975077702668
-0.598112238214 -0.970345166626
-0.593790864432 -0.965918966914
-0.589469490649 -0.961627942733
-0.585148116866 -0.958082079588
-0.580826743084 -0.955181507939
-0.576505369301 -0.953444429891
-0.572183995518 -0.952069386127
-0.567862621736 -0.950818905576
-0.563541247953 -0.950415902029
-0.55921987417 -0.950393356103
-0.554898500388 -0.950735864675
-0.550577126605 -0.951252743124
-0.546255752823 -0.951731353295
-0.54193437904 -0.952053388359
-0.537613005257 -0.952266366126
-0.533291631475 -0.952551946218
-0.528970257692 -0.952804912626
-0.524648883909 -0.952999883211
-0.520327510127 -0.952877473648
-0.516006136344 -0.95259834664
-0.511684762561 -0.952190919091
-0.507363388779 -0.95171527776
-0.503042014996 -0.951146582445
-0.498720641213 -0.95055067327
-0.494399267431 -0.949927436231
-0.490077893648 -0.949276747737
-0.485756519866 -0.948598474391
-0.481435146083 -0.947892472773
-0.4771137723 -0.947131673021
-0.472792398518 -0.946304642614
-0.468471024735 -0.945390522786
-0.464149650952 -0.944265630719
-0.45982827717 -0.943119521701
-0.455506903387 -0.941953153382
-0.451185529604 -0.940771672724
-0.446864155822 -0.939568067761
-0.442542782039 -0.938147655302
-0.438221408256 -0.936627511779
-0.433900034474 -0.935007324791
-0.429578660691 -0.933285267451
-0.425257286909 -0.931620054457
-0.420935913126 -0.929994369545
-0.416614539343 -0.9283669605
-0.412293165561 -0.926714964208
-0.407971791778 -0.92501293116
-0.403650417995 -0.92323660054
-0.399329044213 -0.921486627872
-0.39500767043 -0.919706910586
-0.390686296647 -0.91789705771
-0.386364922865 -0.916056672602
-0.382043549082 -0.914185352952
-0.377722175299 -0.91228269078
-0.373400801517 -0.910456403497
-0.369079427734 -0.908776712523
-0.364758053952 -0.907062640345
-0.360436680169 -0.905336588129
-0.356115306386 -0.90370222086
-0.351793932604 -0.902118260768
-0.347472558821 -0.900519800378
-0.343151185038 -0.898879204517
-0.338829811256 -0.897196391586
-0.334508437473 -0.895470933305
-0.33018706369 -0.893747493288
-0.325865689908 -0.892792872656
-0.321544316125 -0.891794428808
-0.317222942342 -0.890817001177
-0.31290156856 -0.889885704112
-0.308580194777 -0.888827407891
-0.304258820995 -0.887732823627
-0.299937447212 -0.886623082816
-0.295616073429 -0.885471759469
-0.291294699647 -0.884278808173
-0.286973325864 -0.883057833981
-0.282651952081 -0.882096351612
-0.278330578299 -0.88111219245
-0.274009204516 -0.880099004202
-0.269687830733 -0.879052932334
-0.265366456951 -0.877974038388
-0.261045083168 -0.87686237775
-0.256723709385 -0.875717999684
-0.252402335603 -0.874533585157
-0.24808096182 -0.873231495715
-0.243759588038 -0.871899342963
-0.239438214255 -0.870440211174
-0.235116840472 -0.868877788377
-0.23079546669 -0.867197321836
-0.226474092907 -0.865428679875
-0.222152719124 -0.863631284796
-0.217831345342 -0.86180898982
-0.213509971559 -0.859974325484
-0.209188597776 -0.85811093904
-0.204867223994 -0.856143512718
-0.200545850211 -0.854127377745
-0.196224476428 -0.852469330112
-0.191903102646 -0.850909033338
-0.187581728863 -0.849459312827
-0.183260355081 -0.848061026754
-0.178938981298 -0.846880281348
-0.174617607515 -0.845689498951
-0.170296233733 -0.84448421669
-0.16597485995 -0.843264417194
-0.161653486167 -0.842030083073
-0.157332112385 -0.840781196925
-0.153010738602 -0.839517741334
-0.148689364819 -0.838239698873
-0.144367991037 -0.83694705211
-0.140046617254 -0.835639783608
-0.135725243471 -0.83431787593
-0.131403869689 -0.832981311639
-0.127082495906 -0.831630073305
-0.122761122124 -0.830264143504
-0.118439748341 -0.828883504823
-0.114118374558 -0.827488139865
-0.109797000776 -0.82607803125
-0.105475626993 -0.824653161617
-0.10115425321 -0.823213513631
-0.0968328794277 -0.821759069985
-0.0925115056451 -0.820289813403
-0.0881901318624 -0.818809960895
-0.0838687580798 -0.817338287258
-0.0795473842971 -0.815927980983
-0.0752260105145 -0.814584928544
-0.0709046367318 -0.813255153635
-0.0665832629492 -0.811944959327
-0.0622618891666 -0.810576646319
-0.0579405153839 -0.809054609493
-0.0536191416013 -0.807509439287
-0.0492977678186 -0.805839271247
-0.044976394036 -0.804144852895
-0.0406550202533 -0.802345425773
-0.0363336464707 -0.800505961615
-0.0320122726881 -0.798605654823
-0.0276908989054 -0.796609154132
-0.0233695251228 -0.794584757989
-0.0190481513401 -0.792292938291
-0.0147267775575 -0.789740160482
-0.0104054037748 -0.786839160911
-0.00608402999221 -0.783510114917
-0.00176265620956 -0.779944274984
0.00255871757308 -0.775896401187
0.00688009135572 -0.77126510655
0.0112014651384 -0.765998849323
0.015522838921 -0.760629987242
0.0198442127036 -0.7548728456
0.0241655864863 -0.748823696829
0.0284869602689 -0.742572223628
0.0328083340516 -0.736268109713
0.0371297078342 -0.729911313277
0.0414510816169 -0.723503332197
0.0457724553995 -0.717033903641
0.0500938291821 -0.710538570265
0.0544152029648 -0.703868812842
0.0587365767474 -0.69712403857
0.0630579505301 -0.690255954694
0.0673793243127 -0.683344696576
0.0717006980954 -0.676416124191
0.076022071878 -0.669434182249
0.0803434456606 -0.662389265209
0.0846648194433 -0.655304290993
0.0889861932259 -0.648333606574
0.0933075670086 -0.641311935971
0.0976289407912 -0.634202761062
0.101950314574 -0.627078175792
0.106271688357 -0.619915706577
0.110593062139 -0.612771844023
0.114914435922 -0.605718507873
0.119235809704 -0.598795159632
0.123557183487 -0.592100108554
0.12787855727 -0.585418554326
0.132199931052 -0.578893193652
0.136521304835 -0.572697076295
0.140842678618 -0.566910256606
0.1451640524 -0.561159670081
0.149485426183 -0.555644312394
0.153806799966 -0.550234758578
0.158128173748 -0.544835889583
0.162449547531 -0.539427225747
0.166770921313 -0.534008832138
0.171092295096 -0.528679981779
0.175413668879 -0.523312320313
0.179735042661 -0.517849271514
0.184056416444 -0.512378933356
0.188377790227 -0.506901268905
0.192699164009 -0.501416240959
0.197020537792 -0.495923812049
0.201341911575 -0.490423944436
0.205663285357 -0.484916600114
0.20998465914 -0.479401740805
0.214306032923 -0.473879327958
0.218627406705 -0.46834932275
0.222948780488 -0.462811686082
0.22727015427 -0.457266378583
0.231591528053 -0.451713360601
0.235912901836 -0.446152592209
0.240234275618 -0.440584033201
0.244555649401 -0.435007643092
0.248877023184 -0.429423381114
0.253198396966 -0.42383120622
0.257519770749 -0.418231077078
0.261841144532 -0.412622952075
0.266162518314 -0.407006789311
0.270483892097 -0.401382546602
0.27480526588 -0.395750181479
0.279126639662 -0.390109651184
0.283448013445 -0.384460912672
0.287769387227 -0.378803922612
0.29209076101 -0.373138637379
0.296412134793 -0.367465013064
0.300733508575 -0.361783005463
0.305054882358 -0.356092570083
0.309376256141 -0.350393662139
0.313697629923 -0.344686236555
0.318019003706 -0.338970247961
0.322340377489 -0.333245650695
0.326661751271 -0.327512398802
0.330983125054 -0.321770446032
0.335304498837 -0.316019745841
0.339625872619 -0.310260251393
0.343947246402 -0.304491915555
0.348268620184 -0.2987146909
0.352589993967 -0.292928529708
0.35691136775 -0.287133383961
0.361232741532 -0.281329205349
0.365554115315 -0.275515945265
0.369875489098 -0.26969355481
0.37419686288 -0.263861984786
0.378518236663 -0.258021185706
0.382839610446 -0.252171107785
0.387160984228 -0.246311700945
0.391482358011 -0.240442914814
0.395803731794 -0.23456469873
0.400125105576 -0.228677001734
0.404446479359 -0.222779772577
0.408767853141 -0.216872959721
0.413089226924 -0.210956511332
0.417410600707 -0.205030375291
0.421731974489 -0.199094499186
0.426053348272 -0.19314883032
0.430374722055 -0.187193315707
0.434696095837 -0.181227902073
0.43901746962 -0.175252535862
0.443338843403 -0.169267163232
0.447660217185 -0.163271730059
0.451981590968 -0.157266181936
0.456302964751 -0.151250464178
0.460624338533 -0.145297341669
0.464945712316 -0.139382618503
0.469267086098 -0.133695234631
0.473588459881 -0.128064676621
0.477909833664 -0.122487235322
0.482231207446 -0.116929805315
0.486552581229 -0.111360484841
0.490873955012 -0.105786357703
0.495195328794 -0.100359585946
0.499516702577 -0.0950137443872
0.50383807636 -0.0897319357665
0.508159450142 -0.0846174729527
0.512480823925 -0.0795088949418
0.516802197708 -0.0744382036267
0.52112357149 -0.0693606251135
0.525444945273 -0.0643135255568
0.529766319055 -0.0595272014228
0.534087692838 -0.0548981265057
0.538409066621 -0.0503249881814
0.542730440403 -0.0458772133045
0.547051814186 -0.0415377220524
0.551373187969 -0.0373995393539
0.555694561751 -0.034304303566
0.560015935534 -0.0313589669505
0.564337309317 -0.0277443082948
0.568658683099 -0.0251195309247
0.572980056882 -0.0216218973941
0.577301430665 -0.0181322888741
0.581622804447 -0.0146314489771
0.58594417823 -0.0111395327166
0.590265552012 -0.00766308769857
0.594586925795 -0.00419626768831
0.598908299578 -0.000718128231919
0.60322967336 0.00277136902668
0.607551047143 0.00627226244681
0.611872420926 0.00978459038771
0.616193794708 0.0133083912053
0.620515168491 0.0168437032487
0.624836542274 0.020390564857
0.629157916056 0.0239490143555
0.633479289839 0.0275190900524
0.637800663622 0.0311008302354
0.642122037404 0.0346942731678
0.646443411187 0.0382994570849
0.650764784969 0.0419164201906
0.655086158752 0.0455452006533
0.659407532535 0.0491858366025
0.663728906317 0.0528383661245
0.6680502801 0.056502827259
0.672371653883 0.0601792579951
0.676693027665 0.0638676962672
0.681014401448 0.0675681799509
0.685335775231 0.0712807468596
0.689657149013 0.0750054347396
0.693978522796 0.0787422812665
0.698299896579 0.0824913240411
0.702621270361 0.0862526005849
0.706942644144 0.0900261483361
0.711264017926 0.0938120046451
0.715585391709 0.0976102067707
0.719906765492 0.101420791875
0.724228139274 0.106893535403
0.728549513057 0.107967063346
0.73287088684 0.112515563058
0.737192260622 0.116330741331
0.741513634405 0.118962576149
0.745835008188 0.122767978513
0.75015638197 0.119723668234
0.754477755753 0.123343879893
0.758799129536 0.126947022934
0.763120503318 0.130597435077
0.767441877101 0.128720449021
0.771763250883 0.128156958008
0.776084624666 0.131745749044
0.780405998449 0.135236447011
0.784727372231 0.138740588294
0.789048746014 0.137262332079
0.793370119797 0.142257626531
0.797691493579 0.154263041531
0.802012867362 0.136781558583
0.806334241145 0.141315274792
0.810655614927 0.157814598909
0.81497698871 0.175261112241
0.819298362493 0.209069613904
0.823619736275 0.224910144715
####
# Median SED, Type 1, non-BALs: blue W3-matched
-0.965429009739 0.188776873444
-0.961107635956 0.222207368388
-0.956786262174 0.235704043947
-0.952464888391 0.233467379826
-0.948143514608 0.228936445907
-0.943822140826 0.255383791503
-0.939500767043 0.259241977226
-0.93517939326 0.273925170065
-0.930858019478 0.269303693401
-0.926536645695 0.286170382323
-0.922215271912 0.294942434612
-0.91789389813 0.299317734665
-0.913572524347 0.301385436729
-0.909251150565 0.30888431654
-0.904929776782 0.314825413674
-0.900608402999 0.318517915502
-0.896287029217 0.320659845651
-0.891965655434 0.325101503721
-0.887644281651 0.330461348318
-0.883322907869 0.3299810448
-0.879001534086 0.330683410047
-0.874680160303 0.334766543435
-0.870358786521 0.337579618684
-0.866037412738 0.337910620898
-0.861716038955 0.339847606172
-0.857394665173 0.341932665301
-0.85307329139 0.340532393652
-0.848751917608 0.342800252571
-0.844430543825 0.344419080554
-0.840109170042 0.345745678875
-0.83578779626 0.34587459762
-0.831466422477 0.344789146398
-0.827145048694 0.342576893502
-0.822823674912 0.340625115847
-0.818502301129 0.339070530597
-0.814180927346 0.33677120892
-0.809859553564 0.33564886646
-0.805538179781 0.334809794855
-0.801216805998 0.331980153344
-0.796895432216 0.329043100814
-0.792574058433 0.326176341567
-0.788252684651 0.323312992092
-0.783931310868 0.320453420915
-0.779609937085 0.317598309517
-0.775288563303 0.314742522193
-0.77096718952 0.311887398847
-0.766645815737 0.309033154728
-0.762324441955 0.306174653226
-0.758003068172 0.303307112424
-0.753681694389 0.300422217977
-0.749360320607 0.297499640425
-0.745038946824 0.294539588178
-0.740717573041 0.291540287802
-0.736396199259 0.288520433691
-0.732074825476 0.285477633681
-0.727753451694 0.282428532324
-0.723432077911 0.279378605559
-0.719110704128 0.276344354223
-0.714789330346 0.273322776996
-0.710467956563 0.270304600493
-0.70614658278 0.26729628988
-0.701825208998 0.264306560658
-0.697503835215 0.261346204971
-0.693182461432 0.25842667277
-0.68886108765 0.255577300771
-0.684539713867 0.252817847219
-0.680218340084 0.250127795386
-0.675896966302 0.247520217395
-0.671575592519 0.24501428991
-0.667254218737 0.242646832303
-0.662932844954 0.24042898405
-0.658611471171 0.238365186841
-0.654290097389 0.236462305472
-0.649968723606 0.234719751806
-0.645647349823 0.233157132653
-0.641325976041 0.231800943661
-0.637004602258 0.230657938651
-0.632683228475 0.229719959432
-0.628361854693 0.228983560056
-0.62404048091 0.228408603448
-0.619719107127 0.227945716038
-0.615397733345 0.227541076026
-0.611076359562 0.227100422451
-0.60675498578 0.226671131686
-0.602433611997 0.226189535101
-0.598112238214 0.22561858153
-0.593790864432 0.224940638118
-0.589469490649 0.224086572507
-0.585148116866 0.223049407121
-0.580826743084 0.221819582458
-0.576505369301 0.220386464564
-0.572183995518 0.218725985473
-0.567862621736 0.21678004244
-0.563541247953 0.214451684605
-0.55921987417 0.211723986624
-0.554898500388 0.208580991153
-0.550577126605 0.205030515637
-0.546255752823 0.201125759426
-0.54193437904 0.196948577101
-0.537613005257 0.192569254382
-0.533291631475 0.188011814432
-0.528970257692 0.183285627849
-0.524648883909 0.178401026351
-0.520327510127 0.173489342496
-0.516006136344 0.168628396807
-0.511684762561 0.16382596835
-0.507363388779 0.159111631257
-0.503042014996 0.154490620234
-0.498720641213 0.149953605618
-0.494399267431 0.145501998401
-0.490077893648 0.141121579005
-0.485756519866 0.136808125846
-0.481435146083 0.132537482143
-0.4771137723 0.128300075349
-0.472792398518 0.124093392053
-0.468471024735 0.119939773281
-0.464149650952 0.115811819201
-0.45982827717 0.11168683627
-0.455506903387 0.107570358258
-0.451185529604 0.103466906367
-0.446864155822 0.0993787182766
-0.442542782039 0.0953116685877
-0.438221408256 0.0912607397195
-0.433900034474 0.0872224751463
-0.429578660691 0.0831903044832
-0.425257286909 0.0791749545887
-0.420935913126 0.0751852207469
-0.416614539343 0.0712146182884
-0.412293165561 0.06726976273
-0.407971791778 0.0633562945254
-0.403650417995 0.0594806612762
-0.399329044213 0.0556344293318
-0.39500767043 0.0518124250656
-0.390686296647 0.0480106924109
-0.386364922865 0.0442326432259
-0.382043549082 0.0404729919603
-0.377722175299 0.0367244316681
-0.373400801517 0.0329797451477
-0.369079427734 0.0292356867201
-0.364758053952 0.0254866302408
-0.360436680169 0.0217343793685
-0.356115306386 0.0179831611258
-0.351793932604 0.014234793616
-0.347472558821 0.0104904842587
-0.343151185038 0.00675311356304
-0.338829811256 0.00302518212646
-0.334508437473 -0.000691813120932
-0.33018706369 -0.00439884410962
-0.325865689908 -0.00809265278328
-0.321544316125 -0.0117655453683
-0.317222942342 -0.0154146295818
-0.31290156856 -0.0190353901021
-0.308580194777 -0.0226255085755
-0.304258820995 -0.0261716043191
-0.299937447212 -0.0296687631358
-0.295616073429 -0.0331136199933
-0.291294699647 -0.03650976846
-0.286973325864 -0.0398597531652
-0.282651952081 -0.0431813895936
-0.278330578299 -0.0465006151672
-0.274009204516 -0.0498086408507
-0.269687830733 -0.0531075776445
-0.265366456951 -0.0563940274538
-0.261045083168 -0.0596684156462
-0.256723709385 -0.0629312825519
-0.252402335603 -0.0661807115315
-0.24808096182 -0.0694160827875
-0.243759588038 -0.0726307028349
-0.239438214255 -0.075825471414
-0.235116840472 -0.0790058899486
-0.23079546669 -0.0821734938246
-0.226474092907 -0.0853285845673
-0.222152719124 -0.0884740634723
-0.217831345342 -0.0916198942271
-0.213509971559 -0.0947759863439
-0.209188597776 -0.0979539619795
-0.204867223994 -0.10116098329
-0.200545850211 -0.104400109429
-0.196224476428 -0.107680525439
-0.191903102646 -0.111004873155
-0.187581728863 -0.114375573634
-0.183260355081 -0.117818564011
-0.178938981298 -0.121345013211
-0.174617607515 -0.124970684467
-0.170296233733 -0.128676748991
-0.16597485995 -0.132470154993
-0.161653486167 -0.136322189074
-0.157332112385 -0.140192021116
-0.153010738602 -0.14406097137
-0.148689364819 -0.147916256597
-0.144367991037 -0.151746850582
-0.140046617254 -0.155558077141
-0.135725243471 -0.159361730169
-0.131403869689 -0.163161206155
-0.127082495906 -0.166956491869
-0.122761122124 -0.170747573661
-0.118439748341 -0.174534437459
-0.114118374558 -0.178317068763
-0.109797000776 -0.182095452648
-0.105475626993 -0.185872870647
-0.10115425321 -0.189657111507
-0.0968328794277 -0.193449338964
-0.0925115056451 -0.197242504969
-0.0881901318624 -0.201027937388
-0.0838687580798 -0.20479860237
-0.0795473842971 -0.208552843199
-0.0752260105145 -0.212293523598
-0.0709046367318 -0.216015996052
-0.0665832629492 -0.21971556961
-0.0622618891666 -0.223390800956
-0.0579405153839 -0.227041483116
-0.0536191416013 -0.23066190989
-0.0492977678186 -0.234249768735
-0.044976394036 -0.237798141441
-0.0406550202533 -0.241303669398
-0.0363336464707 -0.244759660265
-0.0320122726881 -0.248165774849
-0.0276908989054 -0.251504901694
-0.0233695251228 -0.254761239509
-0.0190481513401 -0.257911053428
-0.0147267775575 -0.260952183426
-0.0104054037748 -0.263866768508
-0.00608402999221 -0.266613739098
-0.00176265620956 -0.269182191021
0.00255871757308 -0.271564774863
0.00688009135572 -0.273749506479
0.0112014651384 -0.275689199601
0.015522838921 -0.277338230635
0.0198442127036 -0.278629785283
0.0241655864863 -0.279531803679
0.0284869602689 -0.280011990632
0.0328083340516 -0.280081968629
0.0371297078342 -0.279785228121
0.0414510816169 -0.27921771606
0.0457724553995 -0.278407344082
0.0500938291821 -0.277367149851
0.0544152029648 -0.276111417482
0.0587365767474 -0.27462626526
0.0630579505301 -0.273047011439
0.0673793243127 -0.271421006827
0.0717006980954 -0.269753181651
0.076022071878 -0.26804441905
0.0803434456606 -0.266297778809
0.0846648194433 -0.264509360354
0.0889861932259 -0.262678068088
0.0933075670086 -0.260804529881
0.0976289407912 -0.258884650728
0.101950314574 -0.256916885239
0.106271688357 -0.2549002322
0.110593062139 -0.25283324196
0.114914435922 -0.250713122031
0.119235809704 -0.248544173215
0.123557183487 -0.246318718917
0.12787855727 -0.244041868086
0.132199931052 -0.24170850759
0.136521304835 -0.239328535409
0.140842678618 -0.236902526798
0.1451640524 -0.234438448251
0.149485426183 -0.231965206674
0.153806799966 -0.229490754144
0.158128173748 -0.227030725973
0.162449547531 -0.224582504322
0.166770921313 -0.222167113531
0.171092295096 -0.219791884321
0.175413668879 -0.21744810785
0.179735042661 -0.21515171595
0.184056416444 -0.212900987779
0.188377790227 -0.210707036812
0.192699164009 -0.20853341406
0.197020537792 -0.206359009065
0.201341911575 -0.20418233876
0.205663285357 -0.202003287569
0.20998465914 -0.199821856186
0.214306032923 -0.197638045299
0.218627406705 -0.19545185559
0.222948780488 -0.193263287732
0.22727015427 -0.191072342395
0.231591528053 -0.18887902024
0.235912901836 -0.186683321924
0.240234275618 -0.184485248096
0.244555649401 -0.182284799399
0.248877023184 -0.180081976471
0.253198396966 -0.177876779941
0.257519770749 -0.175669210433
0.261841144532 -0.173459268565
0.266162518314 -0.171246954949
0.270483892097 -0.169032270188
0.27480526588 -0.166815214882
0.279126639662 -0.164595789621
0.283448013445 -0.162373994992
0.287769387227 -0.160149831573
0.29209076101 -0.157923299936
0.296412134793 -0.155694400647
0.300733508575 -0.153463134266
0.305054882358 -0.151229501346
0.309376256141 -0.148993502431
0.313697629923 -0.146755138063
0.318019003706 -0.144514408774
0.322340377489 -0.14227131509
0.326661751271 -0.140025857532
0.330983125054 -0.137778036612
0.335304498837 -0.135527852837
0.339625872619 -0.133275306708
0.343947246402 -0.131020398717
0.348268620184 -0.128763129351
0.352589993967 -0.12650349909
0.35691136775 -0.124241508407
0.361232741532 -0.121977157768
0.365554115315 -0.119710447635
0.369875489098 -0.117441378458
0.37419686288 -0.115169950686
0.378518236663 -0.112896164757
0.382839610446 -0.110620021104
0.387160984228 -0.108341520153
0.391482358011 -0.106060662324
0.395803731794 -0.103777448028
0.400125105576 -0.101491877671
0.404446479359 -0.0992039516523
0.408767853141 -0.096913670363
0.413089226924 -0.0946210341882
0.417410600707 -0.0923260435061
0.421731974489 -0.0900286986876
0.426053348272 -0.0877290000971
0.430374722055 -0.0854269480919
0.434696095837 -0.0831225430222
0.43901746962 -0.0808159245871
0.443338843403 -0.0785055163842
0.447660217185 -0.0761928286651
0.451981590968 -0.073879714398
0.456302964751 -0.0715652532548
0.460624338533 -0.0692525605857
0.464945712316 -0.0669435713083
0.469267086098 -0.064634020211
0.473588459881 -0.0623247773349
0.477909833664 -0.0600173883046
0.482231207446 -0.0577115457196
0.486552581229 -0.0554077175977
0.490873955012 -0.0530985674581
0.495195328794 -0.0507883615186
0.499516702577 -0.048478107043
0.50383807636 -0.046170527957
0.508159450142 -0.0438640452617
0.512480823925 -0.0415643086815
0.516802197708 -0.0392675182239
0.52112357149 -0.0369774709838
0.525444945273 -0.0347024259439
0.529766319055 -0.0324369154472
0.534087692838 -0.0301722931584
0.538409066621 -0.0279282230476
0.542730440403 -0.0257024344117
0.547051814186 -0.0234992702933
0.551373187969 -0.0213152724703
0.555694561751 -0.0193616848062
0.560015935534 -0.0174823653457
0.564337309317 -0.0156658084539
0.568658683099 -0.0138532170644
0.572980056882 -0.0120408191904
0.577301430665 -0.0102214617301
0.581622804447 -0.00836337723135
0.58594417823 -0.00638318403888
0.590265552012 -0.00440059300298
0.594586925795 -0.00234561906484
0.598908299578 -0.000262969276304
0.60322967336 0.00180164090646
0.607551047143 0.00394772762756
0.611872420926 0.00610930285062
0.616193794708 0.00827875236901
0.620515168491 0.0104559837375
0.624836542274 0.0126409986089
0.629157916056 0.0148337986546
0.633479289839 0.0170343855644
0.637800663622 0.0192427610471
0.642122037404 0.0214589268302
0.646443411187 0.0236828846606
0.650764784969 0.0259146363042
0.655086158752 0.0281541835466
0.659407532535 0.0304015281929
0.663728906317 0.0326566720679
0.6680502801 0.0349196170166
0.672371653883 0.0371903649041
0.676693027665 0.0394689176157
0.681014401448 0.0417552770572
0.685335775231 0.0440494451552
0.689657149013 0.046351423857
0.693978522796 0.0486612151309
0.698299896579 0.0509788209666
0.702621270361 0.053260929367
0.706942644144 0.0555029643389
0.711264017926 0.0576758704359
0.715585391709 0.0599834381527
0.719906765492 0.0621304504244
0.724228139274 0.0644498121285
0.728549513057 0.0665663316526
0.73287088684 0.068693371852
0.737192260622 0.0708213907834
0.741513634405 0.0729021002429
0.745835008188 0.0752715939516
0.75015638197 0.0774872056667
0.754477755753 0.0795196518118
0.758799129536 0.0814066784881
0.763120503318 0.0837976281482
0.767441877101 0.0858239886271
0.771763250883 0.0879322674614
0.776084624666 0.0901801539618
0.780405998449 0.0919200630003
0.784727372231 0.094434890565
0.789048746014 0.096760097542
0.793370119797 0.0980458711199
0.797691493579 0.100624154927
0.802012867362 0.102657708713
0.806334241145 0.105157618569
0.810655614927 0.108505108448
0.81497698871 0.11066793093
0.819298362493 0.112802585118
0.823619736275 0.115766431949
0.827941110058 0.118143877146
0.83226248384 0.118725562768
0.836583857623 0.121948174512
0.840905231406 0.122388169762
0.845226605188 0.121328539913
0.849547978971 0.119604722997
0.853869352754 0.118096147968
0.858190726536 0.123527206895
0.862512100319 0.120858583192
0.866833474102 0.122981861876
####
# Powerlaw extensions to SEDs, Type 1, non-BALs: ERQs, blue W3-matched
-0.958607314842 -1.22278490034 0.256333849395 
-0.954285941059 -1.22012844324 0.256113698646 
-0.949964567276 -1.21747198614 0.255893547898 
-0.945643193494 -1.21481552903 0.25567339715 
-0.941321819711 -1.21215907193 0.255453246402 
-0.937000445929 -1.20950261482 0.255233095654 
-0.932679072146 -1.20684615772 0.255012944906 
-0.928357698363 -1.20418970061 0.254792794158 
-0.924036324581 -1.20153324351 0.25457264341 
-0.919714950798 -1.1988767864 0.254352492662 
-0.915393577015 -1.1962203293 0.254132341913 
-0.911072203233 -1.19356387219 0.253912191165 
-0.90675082945 -1.19090741509 0.253692040417 
-0.902429455667 -1.18825095798 0.253471889669 
-0.898108081885 -1.18559450088 0.253251738921 
-0.893786708102 -1.18293804377 0.253031588173 
-0.889465334319 -1.18028158667 0.252811437425 
-0.885143960537 -1.17762512956 0.252591286677 
-0.880822586754 -1.17496867246 0.252371135928 
-0.876501212972 -1.17231221535 0.25215098518 
-0.872179839189 -1.16965575825 0.251930834432 
-0.867858465406 -1.16699930114 0.251710683684 
-0.863537091624 -1.16434284404 0.251490532936 
-0.859215717841 -1.16168638693 0.251270382188 
-0.854894344058 -1.15902992983 0.25105023144 
-0.850572970276 -1.15637347272 0.250830080692 
-0.846251596493 -1.15371701562 0.250609929944 
-0.84193022271 -1.15106055851 0.250389779195 
-0.837608848928 -1.14840410141 0.250169628447 
-0.833287475145 -1.1457476443 0.249949477699 
-0.828966101362 -1.1430911872 0.249729326951 
-0.82464472758 -1.14043473009 0.249509176203 
-0.820323353797 -1.13777827299 0.249289025455 
-0.816001980015 -1.13512181588 0.249068874707 
-0.811680606232 -1.13246535878 0.248848723959 
-0.807359232449 -1.12980890167 0.24862857321 
-0.803037858667 -1.12715244457 0.248408422462 
-0.798716484884 -1.12449598746 0.248188271714 
-0.794395111101 -1.12183953036 0.247968120966 
-0.790073737319 -1.11918307325 0.247747970218 
-0.785752363536 -1.11652661615 0.24752781947 
-0.781430989753 -1.11387015904 0.247307668722 
-0.777109615971 -1.11121370194 0.247087517974 
-0.772788242188 -1.10855724483 0.246867367226 
-0.768466868406 -1.10590078773 0.246647216477 
-0.764145494623 -1.10324433063 0.246427065729 
-0.75982412084 -1.10058787352 0.246206914981 
-0.755502747058 -1.09793141642 0.245986764233 
-0.751181373275 -1.09527495931 0.245766613485 
-0.746859999492 -1.09261850221 0.245546462737 
-0.74253862571 -1.0899620451 0.245326311989 
-0.738217251927 -1.087305588 0.245106161241 
-0.733895878144 -1.08464913089 0.244886010492 
-0.729574504362 -1.08199267379 0.244665859744 
-0.725253130579 -1.07933621668 0.244445708996 
-0.720931756796 -1.07667975958 0.244225558248 
-0.716610383014 -1.07402330247 0.2440054075 
-0.712289009231 -1.07136684537 0.243785256752 
-0.707967635449 -1.06871038826 0.243565106004 
-0.703646261666 -1.06605393116 0.243344955256 
-0.699324887883 -1.06339747405 0.243124804508 
-0.695003514101 -1.06074101695 0.242904653759 
-0.690682140318 -1.05808455984 0.242684503011 
-0.686360766535 -1.05542810274 0.242464352263 
-0.682039392753 -1.05277164563 0.242244201515 
-0.67771801897 -1.05011518853 0.242024050767 
-0.673396645187 -1.04745873142 0.241803900019 
-0.669075271405 -1.04480227432 0.241583749271 
-0.664753897622 -1.04214581721 0.241363598523 

