# Median SED, Type 1, non-BALs: ERQs
-0.922215271912 -0.960759032956
-0.91789389813 -0.966863983805
-0.913572524347 -0.935953096804
-0.909251150565 -0.943464058441
-0.904929776782 -0.956599347335
-0.900608402999 -0.935726334267
-0.896287029217 -0.937083246407
-0.891965655434 -0.919477829132
-0.887644281651 -0.925355183765
-0.883322907869 -0.914000528872
-0.879001534086 -0.92463970932
-0.874680160303 -0.893999474326
-0.870358786521 -0.894815825253
-0.866037412738 -0.863077847044
-0.861716038955 -0.88079321641
-0.857394665173 -0.874569546302
-0.85307329139 -0.86986009478
-0.848751917608 -0.856301234784
-0.844430543825 -0.879084533893
-0.840109170042 -0.878123027671
-0.83578779626 -0.870893612714
-0.831466422477 -0.877953164089
-0.827145048694 -0.885034239147
-0.822823674912 -0.895734760846
-0.818502301129 -0.902802959321
-0.814180927346 -0.902224997526
-0.809859553564 -0.909279388879
-0.805538179781 -0.916359016145
-0.801216805998 -0.923350784117
-0.796895432216 -0.930291535735
-0.792574058433 -0.936979498594
-0.788252684651 -0.943619874142
-0.783931310868 -0.950144097477
-0.779609937085 -0.956659972595
-0.775288563303 -0.963136948678
-0.77096718952 -0.969552211614
-0.766645815737 -0.975938519664
-0.762324441955 -0.982031823303
-0.758003068172 -0.987867434311
-0.753681694389 -0.993488070621
-0.749360320607 -0.999030657315
-0.745038946824 -1.00438098492
-0.740717573041 -1.00944337892
-0.736396199259 -1.01388857648
-0.732074825476 -1.01791391116
-0.727753451694 -1.02162606722
-0.723432077911 -1.0247615602
-0.719110704128 -1.02752670657
-0.714789330346 -1.03007239395
-0.710467956563 -1.03251641399
-0.70614658278 -1.03486411755
-0.701825208998 -1.03706607117
-0.697503835215 -1.03893635655
-0.693182461432 -1.04039397652
-0.68886108765 -1.04154755078
-0.684539713867 -1.04260013454
-0.680218340084 -1.04346001569
-0.675896966302 -1.04376304119
-0.671575592519 -1.04364547337
-0.667254218737 -1.04309508085
-0.662932844954 -1.04145444239
-0.658611471171 -1.03918634857
-0.654290097389 -1.03628411845
-0.649968723606 -1.03280004026
-0.645647349823 -1.02890126483
-0.641325976041 -1.02435866008
-0.637004602258 -1.01942033788
-0.632683228475 -1.01424478822
-0.628361854693 -1.00888408398
-0.62404048091 -1.00343340779
-0.619719107127 -0.997918621221
-0.615397733345 -0.992087730083
-0.611076359562 -0.986373520157
-0.60675498578 -0.980580753919
-0.602433611997 -0.975077702668
-0.598112238214 -0.970345166626
-0.593790864432 -0.965918966914
-0.589469490649 -0.961627942733
-0.585148116866 -0.958082079588
-0.580826743084 -0.955181507939
-0.576505369301 -0.953444429891
-0.572183995518 -0.952069386127
-0.567862621736 -0.950818905576
-0.563541247953 -0.950415902029
-0.55921987417 -0.950393356103
-0.554898500388 -0.950735864675
-0.550577126605 -0.951252743124
-0.546255752823 -0.951731353295
-0.54193437904 -0.952053388359
-0.537613005257 -0.952266366126
-0.533291631475 -0.952551946218
-0.528970257692 -0.952804912626
-0.524648883909 -0.952999883211
-0.520327510127 -0.952877473648
-0.516006136344 -0.95259834664
-0.511684762561 -0.952190919091
-0.507363388779 -0.95171527776
-0.503042014996 -0.951146582445
-0.498720641213 -0.95055067327
-0.494399267431 -0.949927436231
-0.490077893648 -0.949276747737
-0.485756519866 -0.948598474391
-0.481435146083 -0.947892472773
-0.4771137723 -0.947131673021
-0.472792398518 -0.946304642614
-0.468471024735 -0.945390522786
-0.464149650952 -0.944265630719
-0.45982827717 -0.943119521701
-0.455506903387 -0.941953153382
-0.451185529604 -0.940771672724
-0.446864155822 -0.939568067761
-0.442542782039 -0.938147655302
-0.438221408256 -0.936627511779
-0.433900034474 -0.935007324791
-0.429578660691 -0.933285267451
-0.425257286909 -0.931620054457
-0.420935913126 -0.929994369545
-0.416614539343 -0.9283669605
-0.412293165561 -0.926714964208
-0.407971791778 -0.92501293116
-0.403650417995 -0.92323660054
-0.399329044213 -0.921486627872
-0.39500767043 -0.919706910586
-0.390686296647 -0.91789705771
-0.386364922865 -0.916056672602
-0.382043549082 -0.914185352952
-0.377722175299 -0.91228269078
-0.373400801517 -0.910456403497
-0.369079427734 -0.908776712523
-0.364758053952 -0.907062640345
-0.360436680169 -0.905336588129
-0.356115306386 -0.90370222086
-0.351793932604 -0.902118260768
-0.347472558821 -0.900519800378
-0.343151185038 -0.898879204517
-0.338829811256 -0.897196391586
-0.334508437473 -0.895470933305
-0.33018706369 -0.893747493288
-0.325865689908 -0.892792872656
-0.321544316125 -0.891794428808
-0.317222942342 -0.890817001177
-0.31290156856 -0.889885704112
-0.308580194777 -0.888827407891
-0.304258820995 -0.887732823627
-0.299937447212 -0.886623082816
-0.295616073429 -0.885471759469
-0.291294699647 -0.884278808173
-0.286973325864 -0.883057833981
-0.282651952081 -0.882096351612
-0.278330578299 -0.88111219245
-0.274009204516 -0.880099004202
-0.269687830733 -0.879052932334
-0.265366456951 -0.877974038388
-0.261045083168 -0.87686237775
-0.256723709385 -0.875717999684
-0.252402335603 -0.874533585157
-0.24808096182 -0.873231495715
-0.243759588038 -0.871899342963
-0.239438214255 -0.870440211174
-0.235116840472 -0.868877788377
-0.23079546669 -0.867197321836
-0.226474092907 -0.865428679875
-0.222152719124 -0.863631284796
-0.217831345342 -0.86180898982
-0.213509971559 -0.859974325484
-0.209188597776 -0.85811093904
-0.204867223994 -0.856143512718
-0.200545850211 -0.854127377745
-0.196224476428 -0.852469330112
-0.191903102646 -0.850909033338
-0.187581728863 -0.849459312827
-0.183260355081 -0.848061026754
-0.178938981298 -0.846880281348
-0.174617607515 -0.845689498951
-0.170296233733 -0.84448421669
-0.16597485995 -0.843264417194
-0.161653486167 -0.842030083073
-0.157332112385 -0.840781196925
-0.153010738602 -0.839517741334
-0.148689364819 -0.838239698873
-0.144367991037 -0.83694705211
-0.140046617254 -0.835639783608
-0.135725243471 -0.83431787593
-0.131403869689 -0.832981311639
-0.127082495906 -0.831630073305
-0.122761122124 -0.830264143504
-0.118439748341 -0.828883504823
-0.114118374558 -0.827488139865
-0.109797000776 -0.82607803125
-0.105475626993 -0.824653161617
-0.10115425321 -0.823213513631
-0.0968328794277 -0.821759069985
-0.0925115056451 -0.820289813403
-0.0881901318624 -0.818809960895
-0.0838687580798 -0.817338287258
-0.0795473842971 -0.815927980983
-0.0752260105145 -0.814584928544
-0.0709046367318 -0.813255153635
-0.0665832629492 -0.811944959327
-0.0622618891666 -0.810576646319
-0.0579405153839 -0.809054609493
-0.0536191416013 -0.807509439287
-0.0492977678186 -0.805839271247
-0.044976394036 -0.804144852895
-0.0406550202533 -0.802345425773
-0.0363336464707 -0.800505961615
-0.0320122726881 -0.798605654823
-0.0276908989054 -0.796609154132
-0.0233695251228 -0.794584757989
-0.0190481513401 -0.792292938291
-0.0147267775575 -0.789740160482
-0.0104054037748 -0.786839160911
-0.00608402999221 -0.783510114917
-0.00176265620956 -0.779944274984
0.00255871757308 -0.775896401187
0.00688009135572 -0.77126510655
0.0112014651384 -0.765998849323
0.015522838921 -0.760629987242
0.0198442127036 -0.7548728456
0.0241655864863 -0.748823696829
0.0284869602689 -0.742572223628
0.0328083340516 -0.736268109713
0.0371297078342 -0.729911313277
0.0414510816169 -0.723503332197
0.0457724553995 -0.717033903641
0.0500938291821 -0.710538570265
0.0544152029648 -0.703868812842
0.0587365767474 -0.69712403857
0.0630579505301 -0.690255954694
0.0673793243127 -0.683344696576
0.0717006980954 -0.676416124191
0.076022071878 -0.669434182249
0.0803434456606 -0.662389265209
0.0846648194433 -0.655304290993
0.0889861932259 -0.648333606574
0.0933075670086 -0.641311935971
0.0976289407912 -0.634202761062
0.101950314574 -0.627078175792
0.106271688357 -0.619915706577
0.110593062139 -0.612771844023
0.114914435922 -0.605718507873
0.119235809704 -0.598795159632
0.123557183487 -0.592100108554
0.12787855727 -0.585418554326
0.132199931052 -0.578893193652
0.136521304835 -0.572697076295
0.140842678618 -0.566910256606
0.1451640524 -0.561159670081
0.149485426183 -0.555644312394
0.153806799966 -0.550234758578
0.158128173748 -0.544835889583
0.162449547531 -0.539427225747
0.166770921313 -0.534008832138
0.171092295096 -0.528679981779
0.175413668879 -0.523312320313
0.179735042661 -0.517849271514
0.184056416444 -0.512378933356
0.188377790227 -0.506901268905
0.192699164009 -0.501416240959
0.197020537792 -0.495923812049
0.201341911575 -0.490423944436
0.205663285357 -0.484916600114
0.20998465914 -0.479401740805
0.214306032923 -0.473879327958
0.218627406705 -0.46834932275
0.222948780488 -0.462811686082
0.22727015427 -0.457266378583
0.231591528053 -0.451713360601
0.235912901836 -0.446152592209
0.240234275618 -0.440584033201
0.244555649401 -0.435007643092
0.248877023184 -0.429423381114
0.253198396966 -0.42383120622
0.257519770749 -0.418231077078
0.261841144532 -0.412622952075
0.266162518314 -0.407006789311
0.270483892097 -0.401382546602
0.27480526588 -0.395750181479
0.279126639662 -0.390109651184
0.283448013445 -0.384460912672
0.287769387227 -0.378803922612
0.29209076101 -0.373138637379
0.296412134793 -0.367465013064
0.300733508575 -0.361783005463
0.305054882358 -0.356092570083
0.309376256141 -0.350393662139
0.313697629923 -0.344686236555
0.318019003706 -0.338970247961
0.322340377489 -0.333245650695
0.326661751271 -0.327512398802
0.330983125054 -0.321770446032
0.335304498837 -0.316019745841
0.339625872619 -0.310260251393
0.343947246402 -0.304491915555
0.348268620184 -0.2987146909
0.352589993967 -0.292928529708
0.35691136775 -0.287133383961
0.361232741532 -0.281329205349
0.365554115315 -0.275515945265
0.369875489098 -0.26969355481
0.37419686288 -0.263861984786
0.378518236663 -0.258021185706
0.382839610446 -0.252171107785
0.387160984228 -0.246311700945
0.391482358011 -0.240442914814
0.395803731794 -0.23456469873
0.400125105576 -0.228677001734
0.404446479359 -0.222779772577
0.408767853141 -0.216872959721
0.413089226924 -0.210956511332
0.417410600707 -0.205030375291
0.421731974489 -0.199094499186
0.426053348272 -0.19314883032
0.430374722055 -0.187193315707
0.434696095837 -0.181227902073
0.43901746962 -0.175252535862
0.443338843403 -0.169267163232
0.447660217185 -0.163271730059
0.451981590968 -0.157266181936
0.456302964751 -0.151250464178
0.460624338533 -0.145297341669
0.464945712316 -0.139382618503
0.469267086098 -0.133695234631
0.473588459881 -0.128064676621
0.477909833664 -0.122487235322
0.482231207446 -0.116929805315
0.486552581229 -0.111360484841
0.490873955012 -0.105786357703
0.495195328794 -0.100359585946
0.499516702577 -0.0950137443872
0.50383807636 -0.0897319357665
0.508159450142 -0.0846174729527
0.512480823925 -0.0795088949418
0.516802197708 -0.0744382036267
0.52112357149 -0.0693606251135
0.525444945273 -0.0643135255568
0.529766319055 -0.0595272014228
0.534087692838 -0.0548981265057
0.538409066621 -0.0503249881814
0.542730440403 -0.0458772133045
0.547051814186 -0.0415377220524
0.551373187969 -0.0373995393539
0.555694561751 -0.034304303566
0.560015935534 -0.0313589669505
0.564337309317 -0.0277443082948
0.568658683099 -0.0251195309247
0.572980056882 -0.0216218973941
0.577301430665 -0.0181322888741
0.581622804447 -0.0146314489771
0.58594417823 -0.0111395327166
0.590265552012 -0.00766308769857
0.594586925795 -0.00419626768831
0.598908299578 -0.000718128231919
0.60322967336 0.00277136902668
0.607551047143 0.00627226244681
0.611872420926 0.00978459038771
0.616193794708 0.0133083912053
0.620515168491 0.0168437032487
0.624836542274 0.020390564857
0.629157916056 0.0239490143555
0.633479289839 0.0275190900524
0.637800663622 0.0311008302354
0.642122037404 0.0346942731678
0.646443411187 0.0382994570849
0.650764784969 0.0419164201906
0.655086158752 0.0455452006533
0.659407532535 0.0491858366025
0.663728906317 0.0528383661245
0.6680502801 0.056502827259
0.672371653883 0.0601792579951
0.676693027665 0.0638676962672
0.681014401448 0.0675681799509
0.685335775231 0.0712807468596
0.689657149013 0.0750054347396
0.693978522796 0.0787422812665
0.698299896579 0.0824913240411
0.702621270361 0.0862526005849
0.706942644144 0.0900261483361
0.711264017926 0.0938120046451
0.715585391709 0.0976102067707
0.719906765492 0.101420791875
0.724228139274 0.106893535403
0.728549513057 0.107967063346
0.73287088684 0.112515563058
0.737192260622 0.116330741331
0.741513634405 0.118962576149
0.745835008188 0.122767978513
0.75015638197 0.119723668234
0.754477755753 0.123343879893
0.758799129536 0.126947022934
0.763120503318 0.130597435077
0.767441877101 0.128720449021
0.771763250883 0.128156958008
0.776084624666 0.131745749044
0.780405998449 0.135236447011
0.784727372231 0.138740588294
0.789048746014 0.137262332079
0.793370119797 0.142257626531
0.797691493579 0.154263041531
0.802012867362 0.136781558583
0.806334241145 0.141315274792
0.810655614927 0.157814598909
0.81497698871 0.175261112241
0.819298362493 0.209069613904
0.823619736275 0.224910144715
